0.000000e+00 -8.620000e+01 
2.000000e+00 -8.613295e+01 
4.000000e+00 -8.609176e+01 
6.000000e+00 -8.606621e+01 
8.000000e+00 -8.604879e+01 
1.000000e+01 -8.599321e+01 
1.200000e+01 -8.465762e+01 
1.400000e+01 -5.223586e+01 
1.600000e+01 2.001164e+01 
1.800000e+01 2.211913e+01 
2.000000e+01 2.268490e+01 
2.200000e+01 2.288523e+01 
2.400000e+01 2.310031e+01 
2.600000e+01 2.340552e+01 
2.800000e+01 2.378596e+01 
3.000000e+01 2.420535e+01 
3.200000e+01 2.462880e+01 
3.400000e+01 2.502965e+01 
3.600000e+01 2.539029e+01 
3.800000e+01 2.570085e+01 
4.000000e+01 2.595736e+01 
4.200000e+01 2.615997e+01 
4.400000e+01 2.631152e+01 
4.600000e+01 2.641639e+01 
4.800000e+01 2.647969e+01 
5.000000e+01 2.650674e+01 
5.200000e+01 2.650268e+01 
5.400000e+01 2.647227e+01 
5.600000e+01 2.641977e+01 
5.800000e+01 2.634891e+01 
6.000000e+01 2.626289e+01 
6.200000e+01 2.616442e+01 
6.400000e+01 2.605574e+01 
6.600000e+01 2.593872e+01 
6.800000e+01 2.581487e+01 
7.000000e+01 2.568542e+01 
7.200000e+01 2.555137e+01 
7.400000e+01 2.541351e+01 
7.600000e+01 2.527246e+01 
7.800000e+01 2.512871e+01 
8.000000e+01 2.498264e+01 
8.200000e+01 2.483457e+01 
8.400000e+01 2.468472e+01 
8.600000e+01 2.453326e+01 
8.800000e+01 2.438031e+01 
9.000000e+01 2.422598e+01 
9.200000e+01 2.407033e+01 
9.400000e+01 2.391340e+01 
9.600000e+01 2.375521e+01 
9.800000e+01 2.359578e+01 
1.000000e+02 2.343511e+01 
1.020000e+02 2.327317e+01 
1.040000e+02 2.310995e+01 
1.060000e+02 2.294543e+01 
1.080000e+02 2.277957e+01 
1.100000e+02 2.261234e+01 
1.120000e+02 2.244368e+01 
1.140000e+02 2.227357e+01 
1.160000e+02 2.210194e+01 
1.180000e+02 2.192875e+01 
1.200000e+02 2.175393e+01 
1.220000e+02 2.157742e+01 
1.240000e+02 2.139917e+01 
1.260000e+02 2.121911e+01 
1.280000e+02 2.103715e+01 
1.300000e+02 2.085323e+01 
1.320000e+02 2.066727e+01 
1.340000e+02 2.047918e+01 
1.360000e+02 2.028888e+01 
1.380000e+02 2.009627e+01 
1.400000e+02 1.990126e+01 
1.420000e+02 1.970373e+01 
1.440000e+02 1.950359e+01 
1.460000e+02 1.930071e+01 
1.480000e+02 1.909498e+01 
1.500000e+02 1.888627e+01 
1.520000e+02 1.867443e+01 
1.540000e+02 1.845934e+01 
1.560000e+02 1.824083e+01 
1.580000e+02 1.801875e+01 
1.600000e+02 1.779292e+01 
1.620000e+02 1.756316e+01 
1.640000e+02 1.732928e+01 
1.660000e+02 1.709108e+01 
1.680000e+02 1.684834e+01 
1.700000e+02 1.660083e+01 
1.720000e+02 1.634831e+01 
1.740000e+02 1.609050e+01 
1.760000e+02 1.582713e+01 
1.780000e+02 1.555791e+01 
1.800000e+02 1.528251e+01 
1.820000e+02 1.500060e+01 
1.840000e+02 1.471180e+01 
1.860000e+02 1.441573e+01 
1.880000e+02 1.411197e+01 
1.900000e+02 1.380008e+01 
1.920000e+02 1.347956e+01 
1.940000e+02 1.314990e+01 
1.960000e+02 1.281056e+01 
1.980000e+02 1.246092e+01 
2.000000e+02 1.210035e+01 
2.020000e+02 1.172816e+01 
2.040000e+02 1.134360e+01 
2.060000e+02 1.094587e+01 
2.080000e+02 1.053410e+01 
2.100000e+02 1.010738e+01 
2.120000e+02 9.664683e+00 
2.140000e+02 9.204949e+00 
2.160000e+02 8.727014e+00 
2.180000e+02 8.229633e+00 
2.200000e+02 7.711471e+00 
2.220000e+02 7.171097e+00 
2.240000e+02 6.606981e+00 
2.260000e+02 6.017491e+00 
2.280000e+02 5.400888e+00 
2.300000e+02 4.755325e+00 
2.320000e+02 4.078837e+00 
2.340000e+02 3.369337e+00 
2.360000e+02 2.624595e+00 
2.380000e+02 1.842207e+00 
2.400000e+02 1.019549e+00 
2.420000e+02 1.536942e-01 
2.440000e+02 -7.586963e-01 
2.460000e+02 -1.721519e+00 
2.480000e+02 -2.739406e+00 
2.500000e+02 -3.817902e+00 
2.520000e+02 -4.963629e+00 
2.540000e+02 -6.184371e+00 
2.560000e+02 -7.489023e+00 
2.580000e+02 -8.887358e+00 
2.600000e+02 -1.038953e+01 
2.620000e+02 -1.200528e+01 
2.640000e+02 -1.374299e+01 
2.660000e+02 -1.560859e+01 
2.680000e+02 -1.760479e+01 
2.700000e+02 -1.973092e+01 
2.720000e+02 -2.198363e+01 
2.740000e+02 -2.435847e+01 
2.760000e+02 -2.685203e+01 
2.780000e+02 -2.946444e+01 
2.800000e+02 -3.220177e+01 
2.820000e+02 -3.507845e+01 
2.840000e+02 -3.811965e+01 
2.860000e+02 -4.136346e+01 
2.880000e+02 -4.486229e+01 
2.900000e+02 -4.868003e+01 
2.920000e+02 -5.287659e+01 
2.940000e+02 -5.746337e+01 
2.960000e+02 -6.232184e+01 
2.980000e+02 -6.714598e+01 
3.000000e+02 -7.153469e+01 
3.020000e+02 -7.519975e+01 
3.040000e+02 -7.806974e+01 
3.060000e+02 -8.023262e+01 
3.080000e+02 -8.183320e+01 
3.100000e+02 -8.300715e+01 
3.120000e+02 -8.386009e+01 
3.140000e+02 -8.447089e+01 
3.160000e+02 -8.490036e+01 
3.180000e+02 -8.519690e+01 
3.200000e+02 -8.539881e+01 
3.220000e+02 -8.553533e+01 
3.240000e+02 -8.562772e+01 
3.260000e+02 -8.569086e+01 
3.280000e+02 -8.573482e+01 
3.300000e+02 -8.576628e+01 
3.320000e+02 -8.578958e+01 
3.340000e+02 -8.580753e+01 
3.360000e+02 -8.582196e+01 
3.380000e+02 -8.583401e+01 
3.400000e+02 -8.584444e+01 
3.420000e+02 -8.585371e+01 
3.440000e+02 -8.586214e+01 
3.460000e+02 -8.586992e+01 
3.480000e+02 -8.587719e+01 
3.500000e+02 -8.588403e+01 
3.520000e+02 -8.589051e+01 
3.540000e+02 -8.589665e+01 
3.560000e+02 -8.590250e+01 
3.580000e+02 -8.590807e+01 
3.600000e+02 -8.591339e+01 
3.620000e+02 -8.591846e+01 
3.640000e+02 -8.592331e+01 
3.660000e+02 -8.592794e+01 
3.680000e+02 -8.593235e+01 
3.700000e+02 -8.593657e+01 
3.720000e+02 -8.594060e+01 
3.740000e+02 -8.594445e+01 
3.760000e+02 -8.594812e+01 
3.780000e+02 -8.595162e+01 
3.800000e+02 -8.595497e+01 
3.820000e+02 -8.595816e+01 
3.840000e+02 -8.596121e+01 
3.860000e+02 -8.596412e+01 
3.880000e+02 -8.596690e+01 
3.900000e+02 -8.596954e+01 
3.920000e+02 -8.597207e+01 
3.940000e+02 -8.597448e+01 
3.960000e+02 -8.597678e+01 
3.980000e+02 -8.597897e+01 
4.000000e+02 -8.598107e+01 
4.020000e+02 -8.598306e+01 
4.040000e+02 -8.598496e+01 
4.060000e+02 -8.598678e+01 
4.080000e+02 -8.598851e+01 
4.100000e+02 -8.599016e+01 
4.120000e+02 -8.599173e+01 
4.140000e+02 -8.599323e+01 
4.160000e+02 -8.599466e+01 
4.180000e+02 -8.599602e+01 
4.200000e+02 -8.599732e+01 
4.220000e+02 -8.599856e+01 
4.240000e+02 -8.599975e+01 
4.260000e+02 -8.600087e+01 
4.280000e+02 -8.600195e+01 
4.300000e+02 -8.600297e+01 
4.320000e+02 -8.600395e+01 
4.340000e+02 -8.600488e+01 
4.360000e+02 -8.600577e+01 
4.380000e+02 -8.600661e+01 
4.400000e+02 -8.600742e+01 
4.420000e+02 -8.600819e+01 
4.440000e+02 -8.600892e+01 
4.460000e+02 -8.600962e+01 
4.480000e+02 -8.601028e+01 
4.500000e+02 -8.601092e+01 
4.520000e+02 -8.601152e+01 
4.540000e+02 -8.601210e+01 
4.560000e+02 -8.601265e+01 
4.580000e+02 -8.601318e+01 
4.600000e+02 -8.601368e+01 
4.620000e+02 -8.601415e+01 
4.640000e+02 -8.601461e+01 
4.660000e+02 -8.601504e+01 
4.680000e+02 -8.601546e+01 
4.700000e+02 -8.601585e+01 
4.720000e+02 -8.601623e+01 
4.740000e+02 -8.601658e+01 
4.760000e+02 -8.601693e+01 
4.780000e+02 -8.601725e+01 
4.800000e+02 -8.601756e+01 
4.820000e+02 -8.601786e+01 
4.840000e+02 -8.601814e+01 
4.860000e+02 -8.601841e+01 
4.880000e+02 -8.601867e+01 
4.900000e+02 -8.601891e+01 
4.920000e+02 -8.601915e+01 
4.940000e+02 -8.601937e+01 
4.960000e+02 -8.601958e+01 
4.980000e+02 -8.601979e+01 
5.000000e+02 -8.601998e+01 
